101,3,101,9,194,9,194,3,###
109,63,104,47,221,5,221,26,找书：en55@
0,34,1,52,127,8,121,0,n55@qq.com
0,84,0,101,72,77,70,60,604682
171,76,177,94,219,78,214,62,找书：
42,94,42,116,212,116,212,94,###
157,132,162,152,221,128,221,110,QQ：29
5,153,1,137,132,90,139,108,：2956604682
42,121,42,136,114,136,114,118,###
99,143,99,157,152,157,152,143,TheLCAO
101,160,101,174,180,174,180,160,FirstPrincipes
100,177,100,190,158,190,158,177,Treatment
99,192,99,209,157,209,157,192,###
0,190,0,208,125,167,120,152,h55@qq.com
0,240,3,256,193,191,188,178,找书：en55@qq.com
7,310,0,289,131,245,140,261,：2956604682
115,316,115,329,157,329,157,316,Springer
171,231,179,248,220,234,215,218,找书：
21,337,48,349,204,291,197,273,QQ：2956604682
150,346,148,349,190,349,185,336,###
101,72,101,83,169,83,169,72,R.A.Evarestov
11,0,11,0,0,0,0,0,###
